075
001
032
038
009
048
040
005
052
067
005
062
003
005
005
073
004
012
011
053
041
073
048
047
048
009
056
005
048
016
010
099
010
052
067
038
099
001
056
048
009
006
034
072
036
056
001
041
001
007
041
005
052
056
005
048
015
056
007
006
001
009
007
005
001
052
026
034
067
049
033
049
072
003
056
033
033
006
020
008
006
005
073
039
005
022
005
021
005
005
009
021
005
009
062
073
073
001
053
072
015
009
017
043
009
048
053
052
067
061
072
048
055
017
052
052
012
075
074
041
052
053
032
014
061
001
073
052
002
021
006
021
021
005
031
052
052
067
018
053
058
058
001
074
010
009
075
010
041
014
073
074
009
001
033
033
072
002
001
050
041
041
099
101
001
010
072
072
068
052
067
048
075
001
053
067
077
061
001
001
009
002
073
054
068
007
001
001
052
041
074
010
099
078
041
018
010
066
006
052
001
054
010
005
054
072
067
073
061
067
061
001
073
010
055
066
052
001
101
015
010
001
074
066
001
002
012
001
032
041
010
074
009
009
058
014
043
007
005
074
074
009
001
011
008
010
073
067
005
008
101
067
101
064
041
070
073
002
028
014
001
010
001
067
018
063
018
057
057
033
048
074
007
069
069
009
069
061
073
074
009
049
033
073
001
069
073
009
001
052
072
044
072
052
048
041
049
050
011
074
067
001
099
008
008
010
010
058
002
058
010
077
016
034
009
012
099
058
050
050
024
027
048
010
072
061
001
032
045
004
053
010
099
058
010
073
001
018
001
001
013
099
065
033
010
001
001
061
041
007
010
005
001
029
054
013
067
005
001
001
052
001
072
073
006
023
052
001
025
048
005
099
061
073
005
005
010
001
054
064
041
036
099
060
072
035
075
001
001
001
001
054
099
018
001
005
005
027
001
047
050
050
050
009
001
020
099
042
005
020
003
099
054
099
061
045
023
038
010
075
049
054
018
018
010
010
001
101
001
010
010
041
005
067
010
009
032
020
008
101
026
005
061
058
071
001
052
003
010
043
051
051
014
061
049
067
007
061
041
061
048
001
028
048
007
001
033
048
067
009
041
001
018
018
030
005
049
070
074
014
009
020
005
005
010
001
013
005
041
033
001
053
020
001
005
009
066
041
061
006
003
018
010
010
073
058
075
063
009
009
010
004
072
010
022
005
075
099
001
024
032
001
001
061
061
053
055
005
005
061
001
019
073
010
049
001
033
061
050
073
076
049
074
067
010
005
019
076
101
027
046
078
058
059
010
072
032
054
048
050
050
050
050
049
014
001
074
072
015
099
049
017
016
017
037
037
066
039
015
051
009
067
045
099
008
099
056
005
033
010
001
099
031
001
010
052
055
001
001
019
078
073
074
074
011
052
